95.500000
27.500000
479.600000
4.700000
10.500000
572.200000
16.400000
586.000000
71.600000
58.400000
57.300000
119.200000
46.300000
7.300000
19.000000
1024.700000
199.100000
218.100000
248.400000
8.400000
10.200000
9.700000
427.700000
4.000000
6.000000
5.100000
5.200000
6.000000
7.700000
4.500000
6.300000
4.800000
11.700000
3.200000
14.500000
4.400000
6.500000
5.000000
4.600000
7.800000
5.400000
4.800000
11.800000
3.900000
7.000000
4.900000
17.200000
4.000000
8.000000
5.200000
5.200000
12.800000
16.700000
11.900000
22.200000
4.900000
25.700000
5.000000
30.200000
31.400000
6.000000
28.700000
45.200000
127.200000
2728.100000
