-1.000000 1.000000 -1.500000 -5.200000 -0.500000 -4.700000 -5.300000 -1.800000 -11.600000 -1.700000 -5.700000 -1.100000 0.100000 -1.800000 1.100000
-0.900000 4.400000 1.000000 -9.000000 -0.100000 -3.100000 -8.200000 -1.300000 -9.100000 2.100000 -7.800000 -5.600000 -4.000000 -4.300000 -3.400000
-0.800000 -3.500000 1.000000 -5.600000 -0.500000 -3.500000 -5.300000 -0.900000 -5.400000 0.400000 -0.700000 -4.400000 5.600000 -7.200000 0.700000
-0.700000 -1.500000 1.400000 -9.800000 -3.400000 -3.500000 -3.200000 -7.200000 -10.000000 -3.400000 1.000000 1.900000 5.600000 -11.400000 -0.500000
-0.600000 -3.500000 0.100000 -7.300000 -4.700000 -9.300000 -12.800000 -7.600000 -15.000000 -2.100000 7.600000 1.500000 -1.900000 -12.600000 -2.600000
-0.500000 -9.000000 8.500000 -16.500000 -5.100000 -1.000000 -11.100000 -10.100000 -13.700000 1.200000 10.100000 2.300000 -0.600000 -11.400000 -0.900000
-0.400000 -9.800000 13.900000 -8.100000 -1.700000 -1.800000 -10.300000 -8.400000 -11.600000 1.200000 20.600000 4.000000 -2.700000 -7.200000 -0.900000
-0.300000 -7.700000 20.500000 -3.100000 -4.300000 -11.800000 -9.500000 -8.800000 -12.900000 0.000000 16.400000 1.500000 -2.700000 -5.500000 -1.700000
-0.200000 -5.600000 15.600000 -9.000000 -0.100000 -17.600000 -6.600000 -9.200000 -8.700000 -2.500000 13.500000 -8.900000 -9.800000 -7.600000 -2.200000
-0.100000 -10.600000 -14.900000 -11.900000 -4.300000 -17.600000 -9.900000 -16.700000 -10.000000 -0.900000 0.600000 -17.200000 -16.000000 -4.300000 -9.200000
0.000000 -19.400000 -56.100000 -19.400000 -34.700000 -21.800000 -18.700000 -18.800000 -42.500000 -22.600000 -30.700000 -27.200000 -19.800000 -23.000000 -28.000000
0.100000 -6.900000 -44.800000 -10.600000 -72.600000 -19.700000 -16.200000 -18.000000 -89.900000 -58.800000 -36.500000 -27.600000 -31.000000 -50.500000 -71.300000
0.200000 -6.500000 -24.000000 -6.100000 -53.800000 -11.800000 -14.500000 -14.600000 -61.600000 -65.100000 -32.700000 -31.000000 -31.900000 -57.200000 -63.800000
0.300000 -4.000000 -11.900000 -9.000000 -30.100000 -14.700000 -9.500000 -10.000000 -34.100000 -37.100000 -19.800000 -26.000000 -19.000000 -46.400000 -39.600000
0.400000 -4.000000 -11.900000 -9.400000 -5.900000 -15.100000 -11.600000 -9.600000 -19.500000 -15.900000 -11.000000 -21.400000 -6.000000 -36.000000 -16.300000
0.500000 -1.900000 -6.900000 -6.500000 7.400000 -9.700000 -11.200000 -10.900000 -12.400000 -5.100000 -2.200000 -11.400000 -1.900000 -21.400000 -7.100000
0.600000 -2.300000 3.900000 -11.100000 13.200000 -11.800000 -11.200000 -2.500000 3.800000 7.900000 1.100000 -1.800000 7.300000 -9.300000 5.800000
0.700000 -0.200000 16.800000 -9.400000 9.900000 -13.000000 -8.200000 -4.200000 16.300000 14.500000 4.000000 2.800000 13.200000 -0.900000 15.400000
0.800000 4.000000 27.300000 -4.800000 9.000000 -11.400000 -8.200000 -2.500000 15.100000 19.100000 -2.200000 4.900000 14.800000 5.700000 20.000000
0.900000 1.000000 29.300000 -1.500000 4.000000 -11.000000 -5.800000 -2.100000 12.600000 22.500000 -8.000000 5.700000 15.700000 7.800000 19.100000
1.000000 -4.800000 21.000000 -4.400000 1.100000 -11.000000 -8.700000 -3.400000 9.600000 19.900000 -2.600000 6.100000 10.300000 3.700000 18.700000
