-5.200000 -5.900000 4.100000 -8.500000 -7.700000 -1.800000 4.800000 2.000000 -5.700000 -2.200000 -2.100000 2.900000 6.600000 -5.400000 15.900000 -4.800000 -0.900000 -7.400000 -2.800000 -4.500000 2.200000 8.000000 -2.500000 -0.500000 -7.100000 1.200000
0.1000003.6000003.10000016.8000000.4000002.9000005.9000003.600000-3.50000019.3000002.0000000.2000000.700000-9.6000002.6000005.600000-0.100000-0.600000-5.8000003.600000-1.9000000.9000000.300000-2.100000-4.000000 -8.500000 4.100000 -8.100000 -10.700000 1.600000 5.200000 -0.900000 -11.100000 0.300000 -0.800000 -3.000000 2.000000 -1.600000 13.400000 2.700000 -4.700000 -0.300000 -2.800000 -2.900000 3.800000 15.100000 -5.000000 -5.100000 -12.100000 11.200000
5.100000-1.4000006.40000012.2000002.0000007.500000-7.8000008.600000-5.60000017.2000003.7000001.900000-3.100000-7.5000000.9000005.600000-1.800000-5.600000-0.8000004.400000-1.1000002.2000001.6000001.700000-1.500000 -13.500000 9.600000 -0.600000 -8.600000 -0.100000 4.700000 6.600000 -13.600000 0.300000 0.000000 -4.600000 -2.500000 -4.100000 10.100000 6.100000 -2.600000 -0.300000 -2.000000 -5.000000 9.300000 12.200000 -3.800000 -2.200000 -11.300000 7.000000
-2.00000010.70000012.700000-0.7000002.00000010.800000-7.0000006.100000-3.50000014.3000006.600000-2.300000-1.800000-4.100000-0.7000001.5000001.100000-11.000000-2.1000004.900000-2.3000004.300000-1.4000001.3000000.200000 -7.600000 6.600000 -2.300000 -6.900000 -2.200000 1.000000 2.800000 -15.300000 -4.300000 0.900000 -3.800000 -1.700000 1.300000 3.000000 4.000000 -0.900000 0.100000 3.000000 -6.600000 3.000000 10.900000 -4.200000 1.200000 -11.700000 3.700000
3.0000001.90000015.200000-0.7000008.3000000.000000-2.8000002.400000-2.3000007.200000-0.1000005.200000-7.6000000.000000-6.1000001.500000-3.100000-3.900000-5.0000008.200000-1.1000002.600000-1.8000005.000000-1.900000 -3.000000 2.000000 -6.000000 -10.200000 0.700000 6.800000 -1.300000 -17.300000 -8.900000 1.700000 -3.000000 -8.800000 -0.800000 -3.300000 7.700000 -4.600000 -3.200000 2.200000 -5.000000 -0.800000 10.900000 -4.600000 -0.900000 -11.700000 2.400000
2.600000-4.7000007.7000002.20000010.000000-10.8000002.6000004.1000003.6000004.3000002.4000006.100000-5.100000-1.600000-11.600000-1.000000-3.500000-4.300000-3.0000006.200000-0.700000-0.700000-4.7000002.100000-1.500000 -0.500000 -2.100000 -7.700000 -13.200000 -0.100000 9.300000 -0.100000 -16.100000 -0.100000 -4.600000 -10.900000 -7.900000 2.100000 3.400000 7.800000 0.000000 0.100000 -1.500000 -6.200000 -7.000000 12.600000 -3.000000 -0.500000 -11.700000 1.200000
3.000000-9.7000001.9000000.1000009.600000-9.2000003.9000002.4000003.6000003.0000004.9000006.900000-5.100000-1.200000-14.900000-0.200000-2.600000-9.3000003.7000008.2000002.3000006.8000001.5000004.600000-4.800000 -7.600000 0.400000 -6.400000 -12.300000 2.800000 6.000000 0.300000 -15.200000 -5.500000 -1.600000 -12.100000 -2.500000 6.300000 2.600000 -0.100000 -4.200000 -6.100000 3.000000 -16.200000 -2.500000 9.300000 -3.400000 -4.300000 -5.500000 -8.000000
2.600000-7.600000-1.900000-3.2000007.500000-5.000000-2.400000-4.7000004.0000003.0000001.2000001.100000-1.000000-0.300000-16.900000-7.200000-5.100000-5.900000-0.5000000.700000-2.7000007.6000001.9000005.800000-10.200000 -4.700000 0.000000 -8.500000 -2.300000 -1.300000 -2.800000 1.600000 -17.300000 -10.100000 -8.700000 -12.600000 -2.900000 -9.100000 5.500000 3.600000 -6.700000 -7.800000 -4.500000 -11.600000 -8.300000 4.700000 -5.900000 -4.300000 -5.500000 -10.500000
-7.800000-10.100000-6.900000-6.5000000.4000002.5000000.100000-13.000000-1.4000002.6000001.200000-2.2000002.4000002.600000-13.600000-13.000000-7.200000-4.300000-6.300000-3.800000-2.3000002.2000003.6000000.000000-8.600000 -7.200000 0.000000 -8.900000 -1.500000 -5.900000 -2.400000 2.800000 -14.000000 -16.400000 -8.300000 -15.500000 -9.600000 -16.600000 1.800000 -1.800000 -14.200000 -10.700000 -2.000000 -5.400000 -7.000000 -4.100000 -9.300000 2.800000 -6.700000 -8.800000
-2.800000-13.0000001.900000-4.000000-6.7000000.000000-5.700000-14.7000001.500000-4.4000000.400000-4.300000-0.500000-2.400000-16.500000-8.900000-2.200000-5.900000-7.100000-8.000000-1.1000002.600000-0.600000-0.900000-11.900000 -13.100000 0.000000 -12.200000 -4.400000 -2.600000 -1.100000 -0.900000 -16.900000 -17.600000 -5.000000 -16.300000 -7.900000 -17.800000 -10.300000 -14.700000 -17.900000 -16.100000 -11.100000 -11.200000 -9.600000 -10.700000 -13.400000 2.000000 -9.200000 -8.400000
-9.900000-9.700000-6.000000-13.600000-13.800000-13.700000-9.000000-16.300000-1.800000-7.800000-10.900000-12.200000-3.900000-9.900000-14.400000-16.800000-9.700000-6.700000-10.500000-13.400000-12.300000-14.100000-2.200000-15.100000-19.000000 -19.300000 -50.900000 -36.400000 -33.200000 -36.700000 -38.600000 -25.500000 -20.200000 -21.400000 -22.900000 -20.100000 -31.300000 -41.200000 -18.200000 -31.400000 -20.000000 -19.800000 -20.700000 -18.600000 -28.700000 -22.000000 -43.900000 -19.300000 -19.600000 -37.600000
-68.700000-39.600000-28.100000-21.900000-45.000000-41.200000-19.000000-25.100000-25.900000-21.100000-20.000000-23.000000-20.900000-29.800000-19.400000-29.700000-40.100000-18.800000-35.900000-21.700000-25.200000-50.300000-24.300000-52.100000-16.900000 -13.100000 -59.600000 -73.500000 -76.500000 -68.800000 -69.000000 -71.400000 -11.500000 -18.400000 -50.000000 -15.100000 -47.500000 -43.700000 -14.900000 -28.000000 -25.900000 -16.500000 -32.800000 -19.400000 -45.800000 -29.500000 -69.700000 -53.900000 -51.300000 -69.700000
-79.500000-73.000000-62.300000-49.800000-52.900000-65.000000-16.500000-46.300000-60.100000-31.100000-28.000000-33.500000-14.700000-30.700000-30.600000-23.400000-46.300000-22.100000-61.700000-18.000000-49.400000-49.900000-58.900000-64.700000-1.500000 -7.700000 -31.300000 -53.900000 -59.800000 -45.500000 -45.300000 -56.800000 -8.600000 -8.500000 -57.500000 -13.000000 -33.300000 -24.500000 -2.400000 -18.400000 -46.300000 -14.800000 -46.100000 -9.400000 -37.500000 -21.600000 -53.500000 -47.200000 -67.600000 -47.600000
-52.800000-53.000000-68.100000-48.200000-35.900000-51.600000-15.700000-61.700000-46.400000-18.600000-20.000000-35.900000-10.900000-29.800000-44.000000-16.300000-32.600000-22.100000-52.500000-9.700000-59.800000-28.700000-55.200000-47.200000-1.500000 -5.600000 -13.000000 -24.700000 -29.800000 -23.000000 -21.900000 -31.800000 -12.300000 -3.900000 -35.800000 -8.000000 -17.900000 -12.000000 0.900000 -13.000000 -31.700000 -7.700000 -47.400000 -14.800000 -25.000000 -6.600000 -32.200000 -28.900000 -53.400000 -27.600000
-29.500000-25.000000-53.500000-29.400000-20.500000-30.400000-6.500000-45.400000-25.100000-6.900000-5.900000-20.900000-18.400000-26.900000-34.800000-9.200000-19.600000-15.400000-35.000000-0.900000-43.500000-15.800000-32.700000-25.500000-2.300000 -2.700000 3.300000 -5.600000 -7.300000 -2.100000 -2.300000 -6.800000 -11.100000 3.200000 -15.400000 -2.600000 -6.200000 -4.500000 -2.000000 -6.300000 -22.100000 -1.100000 -27.800000 -18.600000 -12.500000 8.800000 -15.200000 -20.600000 -33.800000 -8.100000
-18.700000-9.200000-30.600000-10.200000-12.500000-14.600000-1.100000-27.900000-15.500000-3.6000001.200000-10.500000-30.100000-13.600000-22.700000-17.200000-3.000000-8.700000-18.3000007.000000-27.7000002.100000-21.000000-17.200000-1.100000 -11.400000 11.600000 7.800000 6.800000 0.400000 8.500000 7.800000 -12.300000 -1.000000 -2.900000 4.500000 4.200000 -1.100000 4.700000 -4.200000 -16.300000 -4.000000 -14.000000 -27.300000 -1.300000 14.200000 -11.000000 -5.200000 -9.200000 1.100000
-15.3000007.100000-11.8000000.200000-5.000000-6.200000-20.700000-5.900000-9.2000005.6000003.300000-6.300000-39.700000-11.900000-19.300000-6.3000002.500000-3.700000-10.0000004.100000-15.20000013.800000-12.7000004.1000000.200000 -12.700000 6.600000 25.700000 20.100000 11.600000 18.500000 24.500000 -5.700000 -3.500000 3.000000 2.000000 22.500000 9.700000 12.600000 4.100000 -9.600000 1.000000 -9.000000 -56.500000 5.400000 18.000000 0.200000 8.200000 7.000000 9.800000
-7.80000013.30000015.7000004.8000002.5000001.300000-43.2000005.400000-10.5000005.600000-0.400000-0.900000-33.000000-11.500000-16.4000000.8000001.600000-2.500000-6.2000006.100000-9.40000017.1000005.60000014.5000005.200000 -10.200000 14.900000 29.800000 25.100000 17.400000 19.700000 35.700000 -6.500000 2.400000 10.900000 2.400000 32.900000 18.900000 12.600000 6.600000 -3.800000 -5.200000 0.600000 -63.100000 8.300000 16.300000 12.300000 11.500000 10.800000 14.000000
-4.50000022.50000032.30000016.40000010.8000005.000000-37.30000012.1000000.00000010.6000003.8000005.800000-21.400000-4.400000-8.1000007.5000007.500000-1.600000-1.60000011.100000-0.20000020.40000011.00000015.7000003.900000 -3.500000 19.900000 26.900000 23.100000 14.100000 19.300000 33.200000 -9.000000 3.200000 14.200000 -0.900000 29.600000 20.100000 19.200000 7.000000 2.900000 -6.900000 0.600000 -45.700000 14.600000 27.100000 18.100000 14.000000 15.400000 22.300000
-5.40000021.70000041.50000019.40000015.00000010.800000-18.60000021.70000010.00000014.700000-1.2000009.100000-18.000000-2.300000-2.2000003.70000010.000000-6.6000003.80000017.0000004.00000017.50000012.30000019.9000000.200000 -10.600000 22.000000 21.500000 15.600000 15.400000 18.500000 30.300000 -5.300000 -10.500000 12.600000 0.300000 27.100000 19.700000 25.100000 11.600000 -1.700000 -9.000000 8.100000 -24.400000 21.200000 30.400000 13.000000 12.700000 11.200000 14.800000
-2.00000016.70000031.10000013.90000018.70000013.300000-9.00000026.70000013.40000011.4000009.20000012.500000-8.1000000.2000001.1000009.1000009.600000-4.1000006.70000018.60000011.10000019.6000005.20000024.500000-4.000000 -13.900000 18.300000 25.300000 16.000000 13.300000 18.900000 27.000000 -2.800000 -3.000000 12.100000 3.300000 22.500000 17.200000 30.100000 12.500000 -2.500000 -5.200000 8.100000 -11.100000 16.600000 31.300000 11.300000 5.200000 15.800000 16.500000
3.40000012.90000023.20000014.40000022.50000017.1000003.10000023.8000004.20000023.1000009.20000011.600000-5.10000010.6000003.200000-1.7000007.500000-11.6000009.60000014.50000013.10000020.8000001.00000014.000000